Lista [NO ORDENADA][-2079410432] ... # Elementos: 460
97 51 100 48 36 89 68 103 111 25 70 112 114 10 6 23 24 84 15 106 11 21 30 110 48 24 15 56 28 113 82 1 6 58 20 92 27 114 52 9 18 3 30 50 43 120 68 91 78 68 86 28 95 91 103 64 34 98 55 43 35 41 11 16 26 122 30 16 7 63 35 11 50 80 49 14 86 106 72 86 112 20 115 7 56 6 22 95 4 10 58 42 116 78 109 20 122 18 102 7 82 45 17 81 19 53 95 78 43 101 53 43 118 92 34 96 12 0 108 13 89 71 28 38 17 103 67 28 68 50 0 96 91 120 5 26 79 110 71 30 120 63 36 20 57 112 67 106 101 96 104 18 32 121 65 87 6 36 95 108 94 117 12 9 95 122 50 66 49 112 10 4 6 81 66 5 18 77 121 85 50 10 10 61 105 122 13 66 114 109 47 65 3 24 36 24 62 49 123 80 70 8 85 13 13 8 31 56 23 37 52 70 41 60 50 3 10 110 100 32 88 90 95 97 18 97 114 50 0 79 58 73 85 24 64 109 106 61 87 52 45 19 116 25 9 91 87 50 12 28 14 43 58 87 97 89 123 100 44 104 96 34 32 59 70 70 20 79 88 52 53 74 55 71 2 93 121 68 18 6 51 24 23 13 62 116 39 93 20 77 92 81 24 124 84 2 19 105 37 74 54 72 49 86 53 104 52 35 87 68 77 13 71 24 89 15 40 115 5 112 46 27 33 87 30 110 43 24 24 99 65 87 65 13 72 12 78 43 115 88 5 101 12 23 85 83 56 92 121 95 122 89 50 75 13 12 38 23 99 0 93 104 0 36 83 88 52 5 105 51 42 18 20 41 32 100 40 7 87 40 123 112 42 30 13 4 36 95 77 80 43 95 22 40 52 1 50 17 84 121 34 79 48 55 106 55 114 53 5 39 27 94 82 55 56 94 54 71 25 102 83 62 18 18 102 19 67 108 24 43 87 9 87 60 61 18 26 53 70 40 9 33 10 57 100 114 27 24 28 45 14 124 31 41 19 37 48 16 18 59 

Lista [NO ORDENADA][-2087803136] ... # Elementos: 416
237 156 175 247 230 146 132 238 232 146 126 190 246 202 134 153 202 238 160 241 149 243 206 141 173 232 187 178 145 238 210 215 190 142 142 156 201 179 207 222 213 224 212 225 125 209 160 229 237 139 138 216 189 193 221 130 168 233 186 231 218 173 238 241 241 230 209 242 245 234 134 229 208 204 201 211 138 130 242 166 208 189 248 221 230 215 243 134 218 187 179 216 198 148 217 228 174 157 249 231 237 136 227 136 165 148 202 190 223 185 194 203 179 191 153 177 165 169 163 208 162 172 230 215 191 134 142 201 221 126 165 138 155 166 247 162 215 210 139 197 179 137 190 229 216 138 237 143 213 202 196 195 208 176 137 193 172 202 159 191 182 240 134 208 235 248 147 216 233 160 239 163 207 186 185 224 205 177 151 231 237 176 137 149 171 195 155 219 224 195 185 158 242 228 200 237 170 141 183 153 229 164 156 197 214 202 128 130 150 164 193 140 222 126 192 214 161 160 152 190 162 181 239 202 130 219 212 210 237 213 206 173 127 159 229 189 214 202 136 139 183 190 199 234 126 170 203 241 176 193 146 177 202 218 161 196 223 201 162 155 139 185 143 236 230 184 127 229 165 145 152 189 143 209 216 197 182 215 186 200 142 174 200 149 135 181 142 153 126 195 138 145 211 154 125 181 128 143 157 216 143 167 221 152 196 127 189 149 160 184 232 138 236 196 135 157 217 236 189 190 180 176 131 233 133 172 205 127 229 148 182 142 125 160 229 244 150 146 235 141 217 191 186 241 202 223 165 183 133 221 205 193 232 152 216 240 126 175 145 133 187 222 143 162 233 245 245 244 215 138 205 194 216 177 137 228 187 173 187 126 239 137 162 152 185 198 247 204 154 147 171 140 171 241 154 160 248 127 208 221 188 180 165 222 144 179 174 163 174 140 128 249 221 143 169 184 

Lista [NO ORDENADA][-2096195840] ... # Elementos: 427
323 287 324 315 321 372 349 287 263 274 300 277 261 291 307 255 371 356 326 269 279 253 277 328 279 361 306 259 354 322 308 301 306 294 267 340 255 257 290 300 282 334 258 367 276 342 262 349 271 342 302 367 323 276 262 305 291 271 325 363 304 347 328 256 283 351 364 319 277 345 369 265 295 265 305 370 269 274 341 280 255 281 293 288 289 323 264 268 320 281 273 369 252 290 264 324 369 358 337 352 250 269 266 264 334 262 256 292 343 373 316 293 254 257 267 334 271 310 364 362 333 356 368 330 255 319 283 308 261 308 292 274 276 267 357 324 277 354 260 279 302 347 351 354 267 372 372 317 306 295 337 304 257 331 250 332 301 261 310 306 261 363 281 294 250 280 354 338 263 325 368 302 276 250 367 254 273 300 251 321 314 319 269 361 278 367 297 334 367 352 279 355 288 336 365 258 352 270 330 309 374 299 260 262 333 372 327 259 293 328 330 294 319 253 265 294 289 372 314 357 280 373 263 262 279 349 267 295 295 303 359 330 286 300 341 347 292 315 334 333 367 259 313 267 289 363 300 327 370 267 345 346 305 297 285 333 258 267 289 276 343 260 314 368 269 370 297 362 251 281 265 319 289 295 314 319 339 347 349 366 286 358 328 322 359 342 260 371 316 298 254 289 269 328 363 276 363 252 339 257 293 292 296 316 257 264 367 283 290 271 326 329 337 340 269 310 358 371 285 295 258 277 348 313 251 294 277 335 354 315 348 255 321 352 325 350 367 346 251 365 373 369 303 340 331 280 281 317 268 254 354 298 369 351 284 320 289 361 313 307 358 328 271 328 338 268 260 283 320 290 318 340 271 334 254 329 355 322 296 254 320 264 337 287 360 312 360 342 305 326 361 321 285 318 299 274 323 332 263 352 318 363 274 258 255 366 306 326 343 278 260 359 300 356 291 289 342 361 311 342 255 265 297 257 338 252 260 

Lista [NO ORDENADA][-2104588544] ... # Elementos: 438
480 446 452 429 455 384 471 385 429 417 386 479 415 452 466 442 433 429 434 423 388 410 376 491 490 377 399 387 380 376 494 381 390 481 396 389 437 468 401 475 471 467 392 463 436 429 472 435 390 402 455 400 392 481 426 395 483 467 454 456 413 402 457 383 423 376 429 466 466 432 490 439 474 495 477 455 399 456 429 424 438 463 380 499 479 425 412 414 436 446 444 380 410 381 452 423 376 477 499 420 488 491 409 425 451 383 433 418 388 460 390 466 424 403 480 483 427 473 379 421 463 471 384 393 461 452 399 453 465 418 404 480 381 498 423 408 466 469 496 463 483 443 438 434 474 476 408 444 441 482 376 493 412 496 440 490 405 448 431 461 461 388 445 455 460 492 412 422 382 485 442 488 433 415 435 393 453 482 392 445 433 496 442 474 442 473 401 453 439 417 423 487 428 498 477 451 492 415 495 447 411 486 448 414 489 470 459 458 441 446 413 425 493 451 454 447 379 411 406 493 495 490 484 413 450 381 455 379 452 475 488 389 402 391 477 442 389 381 470 482 460 481 410 431 476 466 473 394 458 402 422 452 396 384 484 461 467 475 422 408 430 463 431 447 433 496 445 385 426 477 442 478 426 444 411 484 400 418 399 400 406 491 382 484 384 457 477 437 433 453 406 480 479 407 489 471 464 475 398 439 492 488 403 404 473 482 434 412 478 454 442 455 398 453 383 476 447 452 459 404 389 444 405 398 429 465 462 474 413 408 423 394 480 474 463 408 484 482 437 434 377 407 486 424 474 376 450 404 439 494 451 481 499 427 455 437 406 415 424 471 420 449 430 445 426 418 400 407 427 464 387 461 471 376 423 499 464 377 393 465 495 471 389 441 392 437 446 443 483 390 487 414 471 442 407 446 456 493 417 399 469 453 394 409 443 466 438 420 420 483 448 410 481 496 498 399 463 386 476 446 389 463 443 457 499 379 380 430 470 426 472 397 401 453 489 394 454 419 

Lista [NO ORDENADA][-2112981248] ... # Elementos: 418
604 539 606 553 592 532 624 530 573 567 561 544 580 579 503 522 524 602 618 607 553 545 523 529 503 578 560 561 517 573 504 511 531 523 620 571 532 546 549 603 539 615 619 607 515 545 608 579 573 568 611 543 563 528 607 615 573 561 520 502 515 530 572 528 587 584 622 609 507 507 501 595 515 556 590 513 507 557 509 525 548 598 574 537 553 517 550 615 502 563 607 611 509 585 527 577 518 540 597 622 585 602 573 602 595 543 543 515 540 584 570 598 510 509 556 535 601 601 532 549 552 513 573 608 535 562 607 576 593 556 546 564 563 525 563 585 526 579 544 578 546 580 604 591 545 528 513 541 591 503 517 525 605 521 584 578 611 606 597 562 538 566 591 532 609 504 521 617 588 512 584 578 512 549 589 597 526 553 553 607 568 609 570 556 587 605 594 502 532 596 583 535 600 618 571 588 530 585 531 590 530 510 565 613 595 502 582 567 606 548 589 534 619 560 531 508 541 543 619 517 562 512 520 525 513 616 538 518 593 528 548 602 588 618 546 610 555 618 603 515 570 621 565 522 571 518 542 505 612 521 574 599 501 557 585 524 579 622 621 527 598 518 579 505 587 547 527 569 568 621 532 535 529 623 620 559 558 592 540 529 557 558 533 607 584 619 611 583 519 543 534 587 597 619 562 547 500 591 585 566 532 609 574 527 549 562 504 594 597 536 545 523 590 560 564 539 586 576 526 592 584 616 610 619 509 539 579 581 532 508 595 622 514 566 595 505 529 587 519 621 519 506 516 620 607 546 548 602 519 553 502 580 505 531 616 544 575 569 611 597 552 549 616 620 551 513 515 601 589 572 611 597 576 574 575 521 592 623 581 578 527 541 605 606 501 548 517 590 620 502 509 591 538 591 563 594 594 613 615 580 564 617 561 564 532 579 544 514 558 594 539 509 540 560 560 526 592 542 

Lista [NO ORDENADA][-2121373952] ... # Elementos: 448
635 654 689 668 650 701 728 727 634 649 671 638 626 634 654 719 674 712 697 693 668 716 662 675 690 692 652 637 720 688 703 662 713 660 729 741 654 694 641 625 693 684 724 674 687 702 739 714 714 682 660 654 737 716 728 633 626 748 737 711 678 701 659 737 637 740 728 707 690 683 643 748 682 647 698 712 692 687 658 667 720 634 636 651 635 628 725 683 749 707 654 724 648 637 679 645 682 657 662 748 706 715 730 711 692 642 690 635 676 714 719 707 670 720 720 658 676 631 657 675 655 637 717 675 691 666 626 641 686 642 700 659 643 645 635 660 733 687 629 667 683 725 686 627 729 656 706 721 696 686 733 725 708 657 670 713 715 665 701 644 699 647 654 720 645 731 665 632 740 638 728 669 744 741 667 740 722 663 625 704 648 720 734 740 656 742 711 715 687 718 734 637 642 739 707 730 733 642 720 653 690 742 632 633 691 640 682 688 694 675 628 655 687 732 643 744 744 737 654 646 731 630 646 631 695 663 704 667 680 686 662 725 656 661 649 653 733 719 627 720 641 645 626 641 670 663 654 680 668 656 727 630 667 665 731 736 651 695 663 643 639 725 663 667 712 749 744 633 684 637 691 735 679 740 701 723 731 626 630 642 676 739 713 648 703 653 641 689 655 686 705 728 725 701 678 709 713 717 699 734 696 639 660 625 730 648 716 666 717 735 644 671 720 718 629 649 643 629 708 714 701 677 727 737 675 697 736 661 724 700 697 688 658 726 702 691 678 637 686 733 721 653 668 733 730 682 648 704 736 679 630 702 734 730 656 697 714 671 722 676 698 636 671 646 696 739 651 673 714 697 658 644 672 727 736 700 733 669 710 724 653 661 737 722 681 746 633 710 670 745 659 646 716 732 657 656 729 741 696 736 725 714 674 636 630 742 730 725 676 730 674 653 663 730 694 672 748 745 676 635 641 721 658 743 678 641 673 734 665 656 739 739 747 742 715 639 721 635 682 742 714 735 626 665 729 700 679 741 

Lista [NO ORDENADA][-2129766656] ... # Elementos: 454
770 813 865 829 794 842 785 771 803 785 872 826 851 758 807 863 815 799 814 810 827 820 833 772 835 778 778 783 818 782 865 873 813 838 783 752 798 859 853 766 795 864 758 868 826 874 830 868 864 769 791 769 857 784 805 782 815 855 840 822 839 870 860 849 782 805 790 791 753 773 810 759 852 842 767 831 800 805 756 797 765 807 818 772 850 855 862 869 798 819 822 785 751 783 751 786 771 841 796 757 827 835 844 804 828 764 835 833 809 872 831 853 782 869 864 870 803 773 851 854 801 864 853 864 836 783 801 808 755 821 754 829 846 816 787 766 829 801 768 760 778 774 848 810 812 767 834 848 827 868 797 851 802 769 769 849 767 751 782 793 856 791 861 838 769 816 821 783 870 771 841 754 770 764 821 755 850 807 797 791 797 812 849 810 850 826 850 840 754 870 821 836 797 762 830 817 874 787 789 812 786 797 820 775 839 847 758 822 775 789 844 860 857 769 769 873 784 832 818 827 784 816 791 837 780 760 778 824 798 830 765 787 795 848 865 766 768 758 863 819 802 796 818 817 851 841 868 771 833 825 777 753 765 772 758 825 805 772 770 825 839 851 825 835 872 828 850 870 849 791 808 871 874 758 755 759 799 811 831 760 769 858 815 803 836 828 833 797 772 791 854 763 868 848 825 815 781 794 789 805 847 778 843 837 752 762 777 859 871 828 803 776 837 826 829 794 756 769 815 777 791 851 857 795 773 873 866 823 819 849 778 827 784 822 860 789 832 834 831 754 822 849 862 832 753 820 852 833 769 825 811 840 773 850 822 801 770 843 839 804 855 823 818 789 757 817 784 824 799 797 786 828 772 777 781 832 834 830 814 752 838 761 835 843 790 849 791 775 752 765 851 752 794 841 854 804 776 819 845 841 832 814 768 804 841 807 849 769 871 837 857 803 803 835 775 805 873 838 753 791 867 769 826 757 833 773 765 776 824 765 873 809 783 804 757 791 842 794 784 863 784 771 863 864 838 832 823 823 819 770 851 761 807 777 

Lista [NO ORDENADA][-2138159360] ... # Elementos: 439
985 876 936 940 964 934 978 976 882 888 991 879 951 974 934 995 892 997 984 913 885 922 909 895 944 934 986 879 891 902 924 898 908 994 915 972 914 966 922 920 920 935 948 888 996 986 900 974 886 930 935 916 952 886 886 973 912 898 983 878 938 976 963 983 913 878 887 967 886 894 984 894 942 974 887 987 920 922 908 999 974 917 960 882 930 959 915 911 903 974 974 972 983 950 888 945 938 929 926 967 944 974 984 969 888 918 997 949 937 909 999 899 932 915 931 887 933 896 997 943 904 900 970 985 990 937 914 949 886 908 963 918 891 905 924 996 930 982 891 903 877 891 997 946 876 949 920 949 969 960 962 889 919 963 954 888 982 986 995 970 902 966 889 880 881 957 961 953 962 963 936 970 932 922 985 886 927 993 925 999 938 890 949 984 986 892 994 998 912 960 881 903 953 897 911 930 994 935 981 946 969 911 916 982 914 912 920 882 935 953 952 982 965 905 987 942 936 941 918 899 926 982 949 903 944 923 978 979 897 958 941 975 922 942 884 937 948 963 942 875 974 896 975 920 887 907 892 967 998 951 998 985 878 959 996 967 996 999 989 976 924 927 982 907 881 928 951 933 941 956 966 993 993 942 929 996 938 955 972 920 935 909 973 926 937 953 926 965 930 884 888 906 880 984 905 882 928 944 965 951 913 942 909 987 902 886 894 951 886 938 908 909 985 995 910 881 916 904 977 917 973 935 996 968 880 885 903 929 906 943 898 895 927 889 975 959 877 942 885 980 944 875 887 895 999 902 990 978 898 883 927 883 974 975 966 933 965 948 993 913 884 883 918 912 927 905 902 891 946 877 965 913 880 983 901 893 964 993 903 933 885 921 950 880 949 981 969 890 943 926 939 914 897 877 958 987 964 949 919 982 980 898 968 926 900 985 877 912 946 990 899 956 968 894 876 943 899 908 952 936 950 878 890 903 907 899 917 918 988 919 900 952 892 910 948 987 982 997 995 

Lista [SI ORDENADA][-2079410432] ... # Elementos: 460
0 0 0 0 0 1 1 2 2 3 3 3 4 4 4 5 5 5 5 5 5 6 6 6 6 6 6 7 7 7 7 8 8 9 9 9 9 9 10 10 10 10 10 10 10 11 11 11 12 12 12 12 12 12 13 13 13 13 13 13 13 13 13 14 14 14 15 15 15 16 16 16 17 17 17 18 18 18 18 18 18 18 18 18 18 18 19 19 19 19 19 20 20 20 20 20 20 20 21 22 22 23 23 23 23 23 24 24 24 24 24 24 24 24 24 24 24 24 25 25 25 26 26 26 27 27 27 27 28 28 28 28 28 28 30 30 30 30 30 30 31 31 32 32 32 32 33 33 34 34 34 34 35 35 35 36 36 36 36 36 36 37 37 37 38 38 39 39 40 40 40 40 40 41 41 41 41 42 42 42 43 43 43 43 43 43 43 43 43 44 45 45 45 46 47 48 48 48 48 49 49 49 49 50 50 50 50 50 50 50 50 50 50 51 51 51 52 52 52 52 52 52 52 53 53 53 53 53 53 54 54 55 55 55 55 55 56 56 56 56 56 57 57 58 58 58 58 59 59 60 60 61 61 61 62 62 62 63 63 64 64 65 65 65 65 66 66 66 67 67 67 68 68 68 68 68 68 70 70 70 70 70 70 71 71 71 71 71 72 72 72 73 74 74 75 77 77 77 77 78 78 78 78 79 79 79 79 80 80 80 81 81 81 82 82 82 83 83 83 84 84 84 85 85 85 85 86 86 86 86 87 87 87 87 87 87 87 87 87 87 88 88 88 88 89 89 89 89 89 90 91 91 91 91 92 92 92 92 93 93 93 94 94 94 95 95 95 95 95 95 95 95 95 96 96 96 96 97 97 97 97 98 99 99 100 100 100 100 100 101 101 101 102 102 102 103 103 103 104 104 104 104 105 105 105 106 106 106 106 106 108 108 108 109 109 109 110 110 110 110 111 112 112 112 112 112 112 113 114 114 114 114 114 114 115 115 115 116 116 116 117 118 120 120 120 121 121 121 121 121 122 122 122 122 122 123 123 123 124 124 

Lista [SI ORDENADA][-2087803136] ... # Elementos: 416
125 125 125 126 126 126 126 126 126 126 127 127 127 127 127 128 128 128 130 130 130 130 131 132 133 133 133 134 134 134 134 134 135 135 136 136 136 137 137 137 137 137 138 138 138 138 138 138 138 139 139 139 139 140 140 140 141 141 141 142 142 142 142 142 142 143 143 143 143 143 143 143 144 145 145 145 145 146 146 146 146 147 147 148 148 148 149 149 149 149 150 150 151 152 152 152 152 152 153 153 153 153 154 154 154 155 155 155 156 156 156 157 157 157 158 159 159 160 160 160 160 160 160 160 161 161 162 162 162 162 162 162 163 163 163 164 164 165 165 165 165 165 165 166 166 167 168 169 169 170 170 171 171 171 172 172 172 173 173 173 173 174 174 174 174 175 175 176 176 176 176 177 177 177 177 178 179 179 179 179 179 180 180 181 181 181 182 182 182 183 183 183 184 184 184 185 185 185 185 185 186 186 186 186 187 187 187 187 187 188 189 189 189 189 189 189 190 190 190 190 190 190 190 191 191 191 191 192 193 193 193 193 193 194 194 195 195 195 195 196 196 196 196 197 197 197 198 198 199 200 200 200 201 201 201 201 202 202 202 202 202 202 202 202 202 202 203 203 204 204 205 205 205 205 206 206 207 207 208 208 208 208 208 208 209 209 209 210 210 210 211 211 212 212 213 213 213 214 214 214 215 215 215 215 215 215 216 216 216 216 216 216 216 216 217 217 217 218 218 218 219 219 221 221 221 221 221 221 221 222 222 222 222 223 223 223 224 224 224 225 227 228 228 228 229 229 229 229 229 229 229 229 230 230 230 230 230 231 231 231 232 232 232 232 233 233 233 233 234 234 235 235 236 236 236 237 237 237 237 237 237 237 238 238 238 238 239 239 239 240 240 241 241 241 241 241 241 242 242 242 243 243 244 244 245 245 245 246 247 247 247 248 248 248 249 249 

Lista [SI ORDENADA][-2096195840] ... # Elementos: 427
250 250 250 250 251 251 251 251 252 252 252 253 253 254 254 254 254 254 254 255 255 255 255 255 255 255 256 256 257 257 257 257 257 257 258 258 258 258 258 259 259 259 260 260 260 260 260 260 260 261 261 261 261 262 262 262 262 262 263 263 263 263 264 264 264 264 264 265 265 265 265 265 266 267 267 267 267 267 267 267 267 268 268 268 269 269 269 269 269 269 269 270 271 271 271 271 271 271 273 273 274 274 274 274 274 276 276 276 276 276 276 277 277 277 277 277 277 278 278 279 279 279 279 279 280 280 280 280 281 281 281 281 281 282 283 283 283 283 284 285 285 285 286 286 287 287 287 288 288 289 289 289 289 289 289 289 289 290 290 290 290 291 291 291 292 292 292 292 293 293 293 293 294 294 294 294 294 295 295 295 295 295 295 296 296 297 297 297 297 298 298 299 299 300 300 300 300 300 300 301 301 302 302 302 303 303 304 304 305 305 305 305 306 306 306 306 306 307 307 308 308 308 309 310 310 310 311 312 313 313 313 314 314 314 314 315 315 315 316 316 316 317 317 318 318 318 319 319 319 319 319 319 320 320 320 320 321 321 321 321 322 322 322 323 323 323 323 324 324 324 325 325 325 326 326 326 326 327 327 328 328 328 328 328 328 328 329 329 330 330 330 330 331 331 332 332 333 333 333 333 334 334 334 334 334 334 335 336 337 337 337 337 338 338 338 339 339 340 340 340 340 341 341 342 342 342 342 342 342 343 343 343 345 345 346 346 347 347 347 347 348 348 349 349 349 349 350 351 351 351 352 352 352 352 352 354 354 354 354 354 354 355 355 356 356 356 357 357 358 358 358 358 359 359 359 360 360 361 361 361 361 361 362 362 363 363 363 363 363 363 364 364 365 365 366 366 367 367 367 367 367 367 367 367 368 368 368 369 369 369 369 369 370 370 370 371 371 371 372 372 372 372 372 373 373 373 374 

Lista [SI ORDENADA][-2104588544] ... # Elementos: 438
376 376 376 376 376 376 376 377 377 377 379 379 379 379 380 380 380 380 381 381 381 381 381 382 382 383 383 383 384 384 384 384 385 385 386 386 387 387 388 388 388 389 389 389 389 389 389 390 390 390 390 391 392 392 392 392 393 393 393 394 394 394 394 395 396 396 397 398 398 398 399 399 399 399 399 399 400 400 400 400 401 401 401 402 402 402 402 403 403 404 404 404 404 405 405 406 406 406 406 407 407 407 407 408 408 408 408 408 409 409 410 410 410 410 411 411 411 412 412 412 412 413 413 413 413 414 414 414 415 415 415 415 417 417 417 418 418 418 418 419 420 420 420 420 421 422 422 422 423 423 423 423 423 423 423 424 424 424 424 425 425 425 426 426 426 426 426 427 427 427 428 429 429 429 429 429 429 429 430 430 430 431 431 431 432 433 433 433 433 433 433 434 434 434 434 435 435 436 436 437 437 437 437 437 438 438 438 439 439 439 439 440 441 441 441 442 442 442 442 442 442 442 442 443 443 443 443 444 444 444 444 445 445 445 445 446 446 446 446 446 446 447 447 447 447 448 448 448 449 450 450 451 451 451 451 452 452 452 452 452 452 452 453 453 453 453 453 453 453 454 454 454 454 455 455 455 455 455 455 455 456 456 456 457 457 457 458 458 459 459 460 460 460 461 461 461 461 461 462 463 463 463 463 463 463 463 463 464 464 464 465 465 465 466 466 466 466 466 466 466 467 467 467 468 469 469 470 470 470 471 471 471 471 471 471 471 471 472 472 473 473 473 473 474 474 474 474 474 474 475 475 475 475 476 476 476 476 477 477 477 477 477 477 478 478 479 479 479 480 480 480 480 480 481 481 481 481 481 482 482 482 482 482 483 483 483 483 483 484 484 484 484 484 485 486 486 487 487 488 488 488 488 489 489 489 490 490 490 490 491 491 491 492 492 492 493 493 493 493 494 494 495 495 495 495 496 496 496 496 496 498 498 498 499 499 499 499 499 

Lista [SI ORDENADA][-2112981248] ... # Elementos: 418
500 501 501 501 502 502 502 502 502 502 503 503 503 504 504 504 505 505 505 505 506 507 507 507 508 508 509 509 509 509 509 509 510 510 511 512 512 512 513 513 513 513 513 514 514 515 515 515 515 515 515 516 517 517 517 517 517 518 518 518 518 519 519 519 519 520 520 521 521 521 521 522 522 523 523 523 524 524 525 525 525 525 526 526 526 526 527 527 527 527 527 528 528 528 528 529 529 529 529 530 530 530 530 531 531 531 531 532 532 532 532 532 532 532 532 532 533 534 534 535 535 535 535 536 537 538 538 538 539 539 539 539 539 540 540 540 540 541 541 541 542 542 543 543 543 543 543 544 544 544 544 545 545 545 545 546 546 546 546 546 547 547 548 548 548 548 548 549 549 549 549 549 550 551 552 552 553 553 553 553 553 553 555 556 556 556 556 557 557 557 558 558 558 559 560 560 560 560 560 561 561 561 561 562 562 562 562 562 563 563 563 563 563 564 564 564 564 565 565 566 566 566 567 567 568 568 568 569 569 570 570 570 571 571 571 572 572 573 573 573 573 573 573 574 574 574 574 575 575 576 576 576 577 578 578 578 578 578 579 579 579 579 579 579 579 580 580 580 580 581 581 582 583 583 584 584 584 584 584 584 585 585 585 585 585 585 586 587 587 587 587 587 588 588 588 589 589 589 590 590 590 590 591 591 591 591 591 591 592 592 592 592 592 593 593 594 594 594 594 594 595 595 595 595 595 596 597 597 597 597 597 597 597 598 598 598 599 600 601 601 601 602 602 602 602 602 603 603 604 604 605 605 605 606 606 606 606 607 607 607 607 607 607 607 607 608 608 609 609 609 609 610 610 611 611 611 611 611 611 612 613 613 615 615 615 615 616 616 616 616 617 617 618 618 618 618 619 619 619 619 619 619 620 620 620 620 620 621 621 621 621 622 622 622 622 623 623 624 

Lista [SI ORDENADA][-2121373952] ... # Elementos: 448
625 625 625 626 626 626 626 626 626 627 627 628 628 629 629 629 630 630 630 630 630 631 631 632 632 633 633 633 633 634 634 634 635 635 635 635 635 635 636 636 636 637 637 637 637 637 637 637 638 638 639 639 639 640 641 641 641 641 641 641 641 642 642 642 642 642 643 643 643 643 643 644 644 644 645 645 645 645 646 646 646 646 647 647 648 648 648 648 648 649 649 649 650 651 651 651 652 653 653 653 653 653 653 654 654 654 654 654 654 654 654 655 655 655 656 656 656 656 656 656 656 657 657 657 657 658 658 658 658 658 659 659 659 660 660 660 660 661 661 661 662 662 662 662 663 663 663 663 663 663 665 665 665 665 665 666 666 667 667 667 667 667 667 668 668 668 668 669 669 670 670 670 670 671 671 671 671 672 672 673 673 674 674 674 674 675 675 675 675 675 676 676 676 676 676 676 677 678 678 678 678 679 679 679 679 680 680 681 682 682 682 682 682 682 683 683 683 684 684 686 686 686 686 686 686 687 687 687 687 687 688 688 688 689 689 690 690 690 690 691 691 691 691 692 692 692 693 693 694 694 694 695 695 696 696 696 696 697 697 697 697 697 698 698 699 699 700 700 700 700 701 701 701 701 701 701 702 702 702 703 703 704 704 704 705 706 706 707 707 707 707 708 708 709 710 710 711 711 711 712 712 712 713 713 713 713 714 714 714 714 714 714 714 714 715 715 715 715 716 716 716 716 717 717 717 718 718 719 719 719 720 720 720 720 720 720 720 720 720 721 721 721 721 722 722 722 723 724 724 724 724 725 725 725 725 725 725 725 725 726 727 727 727 727 728 728 728 728 728 729 729 729 729 730 730 730 730 730 730 730 730 731 731 731 731 732 732 733 733 733 733 733 733 733 734 734 734 734 734 735 735 735 736 736 736 736 736 737 737 737 737 737 737 739 739 739 739 739 739 740 740 740 740 740 741 741 741 741 742 742 742 742 742 743 744 744 744 744 745 745 746 747 748 748 748 748 749 749 

Lista [SI ORDENADA][-2129766656] ... # Elementos: 454
751 751 751 752 752 752 752 752 753 753 753 753 754 754 754 754 755 755 755 756 756 757 757 757 757 758 758 758 758 758 758 759 759 760 760 760 761 761 762 762 763 764 764 765 765 765 765 765 765 766 766 766 767 767 767 768 768 768 769 769 769 769 769 769 769 769 769 769 769 769 770 770 770 770 770 771 771 771 771 771 772 772 772 772 772 772 773 773 773 773 773 774 775 775 775 775 776 776 776 777 777 777 777 777 778 778 778 778 778 778 780 781 781 782 782 782 782 782 783 783 783 783 783 783 784 784 784 784 784 784 784 785 785 785 786 786 786 787 787 787 789 789 789 789 789 790 790 791 791 791 791 791 791 791 791 791 791 791 793 794 794 794 794 794 795 795 795 796 796 797 797 797 797 797 797 797 797 798 798 798 799 799 799 800 801 801 801 801 802 802 803 803 803 803 803 803 804 804 804 804 804 805 805 805 805 805 805 807 807 807 807 807 808 808 809 809 810 810 810 810 811 811 812 812 812 813 813 814 814 814 815 815 815 815 815 816 816 816 817 817 817 818 818 818 818 818 819 819 819 819 819 820 820 820 821 821 821 821 822 822 822 822 822 822 823 823 823 823 824 824 824 825 825 825 825 825 825 826 826 826 826 826 827 827 827 827 827 828 828 828 828 828 829 829 829 829 830 830 830 830 831 831 831 831 832 832 832 832 832 832 833 833 833 833 833 833 834 834 834 835 835 835 835 835 835 836 836 836 837 837 837 837 838 838 838 838 838 839 839 839 839 840 840 840 841 841 841 841 841 841 842 842 842 843 843 843 844 844 845 846 847 847 848 848 848 848 849 849 849 849 849 849 849 849 850 850 850 850 850 850 851 851 851 851 851 851 851 851 852 852 853 853 853 854 854 854 855 855 855 856 857 857 857 857 858 859 859 860 860 860 861 862 862 863 863 863 863 864 864 864 864 864 864 865 865 865 866 867 868 868 868 868 868 869 869 870 870 870 870 870 871 871 871 872 872 872 873 873 873 873 873 874 874 874 

Lista [SI ORDENADA][-2138159360] ... # Elementos: 439
875 875 876 876 876 877 877 877 877 877 878 878 878 878 879 879 880 880 880 880 880 881 881 881 881 882 882 882 882 883 883 883 884 884 884 885 885 885 885 886 886 886 886 886 886 886 886 887 887 887 887 887 888 888 888 888 888 888 889 889 889 890 890 890 891 891 891 891 891 892 892 892 892 893 894 894 894 894 895 895 895 896 896 897 897 897 898 898 898 898 898 899 899 899 899 899 900 900 900 900 901 902 902 902 902 902 903 903 903 903 903 903 903 904 904 905 905 905 905 906 906 907 907 907 908 908 908 908 908 909 909 909 909 909 910 910 911 911 911 912 912 912 912 912 913 913 913 913 913 914 914 914 914 915 915 915 916 916 916 917 917 917 918 918 918 918 918 919 919 919 920 920 920 920 920 920 920 921 922 922 922 922 922 923 924 924 924 925 926 926 926 926 926 926 927 927 927 927 927 928 928 929 929 929 930 930 930 930 930 931 932 932 933 933 933 933 934 934 934 935 935 935 935 935 935 936 936 936 936 937 937 937 937 938 938 938 938 938 939 940 941 941 941 942 942 942 942 942 942 942 943 943 943 943 944 944 944 944 944 945 946 946 946 946 948 948 948 948 949 949 949 949 949 949 949 949 950 950 950 951 951 951 951 951 952 952 952 952 953 953 953 953 954 955 956 956 957 958 958 959 959 959 960 960 960 961 962 962 963 963 963 963 963 964 964 964 965 965 965 965 965 966 966 966 966 967 967 967 967 968 968 968 969 969 969 969 970 970 970 972 972 972 973 973 973 974 974 974 974 974 974 974 974 974 975 975 975 975 976 976 976 977 978 978 978 979 980 980 981 981 982 982 982 982 982 982 982 982 983 983 983 983 984 984 984 984 984 985 985 985 985 985 985 986 986 986 986 987 987 987 987 987 988 989 990 990 990 991 993 993 993 993 993 994 994 994 995 995 995 995 996 996 996 996 996 996 997 997 997 997 997 998 998 998 999 999 999 999 999 

Lista [RESULTADO][0] ... # Elementos: 3500
0 0 0 0 0 1 1 2 2 3 3 3 4 4 4 5 5 5 5 5 5 6 6 6 6 6 6 7 7 7 7 8 8 9 9 9 9 9 10 10 10 10 10 10 10 11 11 11 12 12 12 12 12 12 13 13 13 13 13 13 13 13 13 14 14 14 15 15 15 16 16 16 17 17 17 18 18 18 18 18 18 18 18 18 18 18 19 19 19 19 19 20 20 20 20 20 20 20 21 22 22 23 23 23 23 23 24 24 24 24 24 24 24 24 24 24 24 24 25 25 25 26 26 26 27 27 27 27 28 28 28 28 28 28 30 30 30 30 30 30 31 31 32 32 32 32 33 33 34 34 34 34 35 35 35 36 36 36 36 36 36 37 37 37 38 38 39 39 40 40 40 40 40 41 41 41 41 42 42 42 43 43 43 43 43 43 43 43 43 44 45 45 45 46 47 48 48 48 48 49 49 49 49 50 50 50 50 50 50 50 50 50 50 51 51 51 52 52 52 52 52 52 52 53 53 53 53 53 53 54 54 55 55 55 55 55 56 56 56 56 56 57 57 58 58 58 58 59 59 60 60 61 61 61 62 62 62 63 63 64 64 65 65 65 65 66 66 66 67 67 67 68 68 68 68 68 68 70 70 70 70 70 70 71 71 71 71 71 72 72 72 73 74 74 75 77 77 77 77 78 78 78 78 79 79 79 79 80 80 80 81 81 81 82 82 82 83 83 83 84 84 84 85 85 85 85 86 86 86 86 87 87 87 87 87 87 87 87 87 87 88 88 88 88 89 89 89 89 89 90 91 91 91 91 92 92 92 92 93 93 93 94 94 94 95 95 95 95 95 95 95 95 95 96 96 96 96 97 97 97 97 98 99 99 100 100 100 100 100 101 101 101 102 102 102 103 103 103 104 104 104 104 105 105 105 106 106 106 106 106 108 108 108 109 109 109 110 110 110 110 111 112 112 112 112 112 112 113 114 114 114 114 114 114 115 115 115 116 116 116 117 118 120 120 120 121 121 121 121 121 122 122 122 122 122 123 123 123 124 124 125 125 125 126 126 126 126 126 126 126 127 127 127 127 127 128 128 128 130 130 130 130 131 132 133 133 133 134 134 134 134 134 135 135 136 136 136 137 137 137 137 137 138 138 138 138 138 138 138 139 139 139 139 140 140 140 141 141 141 142 142 142 142 142 142 143 143 143 143 143 143 143 144 145 145 145 145 146 146 146 146 147 147 148 148 148 149 149 149 149 150 150 151 152 152 152 152 152 153 153 153 153 154 154 154 155 155 155 156 156 156 157 157 157 158 159 159 160 160 160 160 160 160 160 161 161 162 162 162 162 162 162 163 163 163 164 164 165 165 165 165 165 165 166 166 167 168 169 169 170 170 171 171 171 172 172 172 173 173 173 173 174 174 174 174 175 175 176 176 176 176 177 177 177 177 178 179 179 179 179 179 180 180 181 181 181 182 182 182 183 183 183 184 184 184 185 185 185 185 185 186 186 186 186 187 187 187 187 187 188 189 189 189 189 189 189 190 190 190 190 190 190 190 191 191 191 191 192 193 193 193 193 193 194 194 195 195 195 195 196 196 196 196 197 197 197 198 198 199 200 200 200 201 201 201 201 202 202 202 202 202 202 202 202 202 202 203 203 204 204 205 205 205 205 206 206 207 207 208 208 208 208 208 208 209 209 209 210 210 210 211 211 212 212 213 213 213 214 214 214 215 215 215 215 215 215 216 216 216 216 216 216 216 216 217 217 217 218 218 218 219 219 221 221 221 221 221 221 221 222 222 222 222 223 223 223 224 224 224 225 227 228 228 228 229 229 229 229 229 229 229 229 230 230 230 230 230 231 231 231 232 232 232 232 233 233 233 233 234 234 235 235 236 236 236 237 237 237 237 237 237 237 238 238 238 238 239 239 239 240 240 241 241 241 241 241 241 242 242 242 243 243 244 244 245 245 245 246 247 247 247 248 248 248 249 249 250 250 250 250 251 251 251 251 252 252 252 253 253 254 254 254 254 254 254 255 255 255 255 255 255 255 256 256 257 257 257 257 257 257 258 258 258 258 258 259 259 259 260 260 260 260 260 260 260 261 261 261 261 262 262 262 262 262 263 263 263 263 264 264 264 264 264 265 265 265 265 265 266 267 267 267 267 267 267 267 267 268 268 268 269 269 269 269 269 269 269 270 271 271 271 271 271 271 273 273 274 274 274 274 274 276 276 276 276 276 276 277 277 277 277 277 277 278 278 279 279 279 279 279 280 280 280 280 281 281 281 281 281 282 283 283 283 283 284 285 285 285 286 286 287 287 287 288 288 289 289 289 289 289 289 289 289 290 290 290 290 291 291 291 292 292 292 292 293 293 293 293 294 294 294 294 294 295 295 295 295 295 295 296 296 297 297 297 297 298 298 299 299 300 300 300 300 300 300 301 301 302 302 302 303 303 304 304 305 305 305 305 306 306 306 306 306 307 307 308 308 308 309 310 310 310 311 312 313 313 313 314 314 314 314 315 315 315 316 316 316 317 317 318 318 318 319 319 319 319 319 319 320 320 320 320 321 321 321 321 322 322 322 323 323 323 323 324 324 324 325 325 325 326 326 326 326 327 327 328 328 328 328 328 328 328 329 329 330 330 330 330 331 331 332 332 333 333 333 333 334 334 334 334 334 334 335 336 337 337 337 337 338 338 338 339 339 340 340 340 340 341 341 342 342 342 342 342 342 343 343 343 345 345 346 346 347 347 347 347 348 348 349 349 349 349 350 351 351 351 352 352 352 352 352 354 354 354 354 354 354 355 355 356 356 356 357 357 358 358 358 358 359 359 359 360 360 361 361 361 361 361 362 362 363 363 363 363 363 363 364 364 365 365 366 366 367 367 367 367 367 367 367 367 368 368 368 369 369 369 369 369 370 370 370 371 371 371 372 372 372 372 372 373 373 373 374 376 376 376 376 376 376 376 377 377 377 379 379 379 379 380 380 380 380 381 381 381 381 381 382 382 383 383 383 384 384 384 384 385 385 386 386 387 387 388 388 388 389 389 389 389 389 389 390 390 390 390 391 392 392 392 392 393 393 393 394 394 394 394 395 396 396 397 398 398 398 399 399 399 399 399 399 400 400 400 400 401 401 401 402 402 402 402 403 403 404 404 404 404 405 405 406 406 406 406 407 407 407 407 408 408 408 408 408 409 409 410 410 410 410 411 411 411 412 412 412 412 413 413 413 413 414 414 414 415 415 415 415 417 417 417 418 418 418 418 419 420 420 420 420 421 422 422 422 423 423 423 423 423 423 423 424 424 424 424 425 425 425 426 426 426 426 426 427 427 427 428 429 429 429 429 429 429 429 430 430 430 431 431 431 432 433 433 433 433 433 433 434 434 434 434 435 435 436 436 437 437 437 437 437 438 438 438 439 439 439 439 440 441 441 441 442 442 442 442 442 442 442 442 443 443 443 443 444 444 444 444 445 445 445 445 446 446 446 446 446 446 447 447 447 447 448 448 448 449 450 450 451 451 451 451 452 452 452 452 452 452 452 453 453 453 453 453 453 453 454 454 454 454 455 455 455 455 455 455 455 456 456 456 457 457 457 458 458 459 459 460 460 460 461 461 461 461 461 462 463 463 463 463 463 463 463 463 464 464 464 465 465 465 466 466 466 466 466 466 466 467 467 467 468 469 469 470 470 470 471 471 471 471 471 471 471 471 472 472 473 473 473 473 474 474 474 474 474 474 475 475 475 475 476 476 476 476 477 477 477 477 477 477 478 478 479 479 479 480 480 480 480 480 481 481 481 481 481 482 482 482 482 482 483 483 483 483 483 484 484 484 484 484 485 486 486 487 487 488 488 488 488 489 489 489 490 490 490 490 491 491 491 492 492 492 493 493 493 493 494 494 495 495 495 495 496 496 496 496 496 498 498 498 499 499 499 499 499 500 501 501 501 502 502 502 502 502 502 503 503 503 504 504 504 505 505 505 505 506 507 507 507 508 508 509 509 509 509 509 509 510 510 511 512 512 512 513 513 513 513 513 514 514 515 515 515 515 515 515 516 517 517 517 517 517 518 518 518 518 519 519 519 519 520 520 521 521 521 521 522 522 523 523 523 524 524 525 525 525 525 526 526 526 526 527 527 527 527 527 528 528 528 528 529 529 529 529 530 530 530 530 531 531 531 531 532 532 532 532 532 532 532 532 532 533 534 534 535 535 535 535 536 537 538 538 538 539 539 539 539 539 540 540 540 540 541 541 541 542 542 543 543 543 543 543 544 544 544 544 545 545 545 545 546 546 546 546 546 547 547 548 548 548 548 548 549 549 549 549 549 550 551 552 552 553 553 553 553 553 553 555 556 556 556 556 557 557 557 558 558 558 559 560 560 560 560 560 561 561 561 561 562 562 562 562 562 563 563 563 563 563 564 564 564 564 565 565 566 566 566 567 567 568 568 568 569 569 570 570 570 571 571 571 572 572 573 573 573 573 573 573 574 574 574 574 575 575 576 576 576 577 578 578 578 578 578 579 579 579 579 579 579 579 580 580 580 580 581 581 582 583 583 584 584 584 584 584 584 585 585 585 585 585 585 586 587 587 587 587 587 588 588 588 589 589 589 590 590 590 590 591 591 591 591 591 591 592 592 592 592 592 593 593 594 594 594 594 594 595 595 595 595 595 596 597 597 597 597 597 597 597 598 598 598 599 600 601 601 601 602 602 602 602 602 603 603 604 604 605 605 605 606 606 606 606 607 607 607 607 607 607 607 607 608 608 609 609 609 609 610 610 611 611 611 611 611 611 612 613 613 615 615 615 615 616 616 616 616 617 617 618 618 618 618 619 619 619 619 619 619 620 620 620 620 620 621 621 621 621 622 622 622 622 623 623 624 625 625 625 626 626 626 626 626 626 627 627 628 628 629 629 629 630 630 630 630 630 631 631 632 632 633 633 633 633 634 634 634 635 635 635 635 635 635 636 636 636 637 637 637 637 637 637 637 638 638 639 639 639 640 641 641 641 641 641 641 641 642 642 642 642 642 643 643 643 643 643 644 644 644 645 645 645 645 646 646 646 646 647 647 648 648 648 648 648 649 649 649 650 651 651 651 652 653 653 653 653 653 653 654 654 654 654 654 654 654 654 655 655 655 656 656 656 656 656 656 656 657 657 657 657 658 658 658 658 658 659 659 659 660 660 660 660 661 661 661 662 662 662 662 663 663 663 663 663 663 665 665 665 665 665 666 666 667 667 667 667 667 667 668 668 668 668 669 669 670 670 670 670 671 671 671 671 672 672 673 673 674 674 674 674 675 675 675 675 675 676 676 676 676 676 676 677 678 678 678 678 679 679 679 679 680 680 681 682 682 682 682 682 682 683 683 683 684 684 686 686 686 686 686 686 687 687 687 687 687 688 688 688 689 689 690 690 690 690 691 691 691 691 692 692 692 693 693 694 694 694 695 695 696 696 696 696 697 697 697 697 697 698 698 699 699 700 700 700 700 701 701 701 701 701 701 702 702 702 703 703 704 704 704 705 706 706 707 707 707 707 708 708 709 710 710 711 711 711 712 712 712 713 713 713 713 714 714 714 714 714 714 714 714 715 715 715 715 716 716 716 716 717 717 717 718 718 719 719 719 720 720 720 720 720 720 720 720 720 721 721 721 721 722 722 722 723 724 724 724 724 725 725 725 725 725 725 725 725 726 727 727 727 727 728 728 728 728 728 729 729 729 729 730 730 730 730 730 730 730 730 731 731 731 731 732 732 733 733 733 733 733 733 733 734 734 734 734 734 735 735 735 736 736 736 736 736 737 737 737 737 737 737 739 739 739 739 739 739 740 740 740 740 740 741 741 741 741 742 742 742 742 742 743 744 744 744 744 745 745 746 747 748 748 748 748 749 749 751 751 751 752 752 752 752 752 753 753 753 753 754 754 754 754 755 755 755 756 756 757 757 757 757 758 758 758 758 758 758 759 759 760 760 760 761 761 762 762 763 764 764 765 765 765 765 765 765 766 766 766 767 767 767 768 768 768 769 769 769 769 769 769 769 769 769 769 769 769 770 770 770 770 770 771 771 771 771 771 772 772 772 772 772 772 773 773 773 773 773 774 775 775 775 775 776 776 776 777 777 777 777 777 778 778 778 778 778 778 780 781 781 782 782 782 782 782 783 783 783 783 783 783 784 784 784 784 784 784 784 785 785 785 786 786 786 787 787 787 789 789 789 789 789 790 790 791 791 791 791 791 791 791 791 791 791 791 793 794 794 794 794 794 795 795 795 796 796 797 797 797 797 797 797 797 797 798 798 798 799 799 799 800 801 801 801 801 802 802 803 803 803 803 803 803 804 804 804 804 804 805 805 805 805 805 805 807 807 807 807 807 808 808 809 809 810 810 810 810 811 811 812 812 812 813 813 814 814 814 815 815 815 815 815 816 816 816 817 817 817 818 818 818 818 818 819 819 819 819 819 820 820 820 821 821 821 821 822 822 822 822 822 822 823 823 823 823 824 824 824 825 825 825 825 825 825 826 826 826 826 826 827 827 827 827 827 828 828 828 828 828 829 829 829 829 830 830 830 830 831 831 831 831 832 832 832 832 832 832 833 833 833 833 833 833 834 834 834 835 835 835 835 835 835 836 836 836 837 837 837 837 838 838 838 838 838 839 839 839 839 840 840 840 841 841 841 841 841 841 842 842 842 843 843 843 844 844 845 846 847 847 848 848 848 848 849 849 849 849 849 849 849 849 850 850 850 850 850 850 851 851 851 851 851 851 851 851 852 852 853 853 853 854 854 854 855 855 855 856 857 857 857 857 858 859 859 860 860 860 861 862 862 863 863 863 863 864 864 864 864 864 864 865 865 865 866 867 868 868 868 868 868 869 869 870 870 870 870 870 871 871 871 872 872 872 873 873 873 873 873 874 874 874 875 875 876 876 876 877 877 877 877 877 878 878 878 878 879 879 880 880 880 880 880 881 881 881 881 882 882 882 882 883 883 883 884 884 884 885 885 885 885 886 886 886 886 886 886 886 886 887 887 887 887 887 888 888 888 888 888 888 889 889 889 890 890 890 891 891 891 891 891 892 892 892 892 893 894 894 894 894 895 895 895 896 896 897 897 897 898 898 898 898 898 899 899 899 899 899 900 900 900 900 901 902 902 902 902 902 903 903 903 903 903 903 903 904 904 905 905 905 905 906 906 907 907 907 908 908 908 908 908 909 909 909 909 909 910 910 911 911 911 912 912 912 912 912 913 913 913 913 913 914 914 914 914 915 915 915 916 916 916 917 917 917 918 918 918 918 918 919 919 919 920 920 920 920 920 920 920 921 922 922 922 922 922 923 924 924 924 925 926 926 926 926 926 926 927 927 927 927 927 928 928 929 929 929 930 930 930 930 930 931 932 932 933 933 933 933 934 934 934 935 935 935 935 935 935 936 936 936 936 937 937 937 937 938 938 938 938 938 939 940 941 941 941 942 942 942 942 942 942 942 943 943 943 943 944 944 944 944 944 945 946 946 946 946 948 948 948 948 949 949 949 949 949 949 949 949 950 950 950 951 951 951 951 951 952 952 952 952 953 953 953 953 954 955 956 956 957 958 958 959 959 959 960 960 960 961 962 962 963 963 963 963 963 964 964 964 965 965 965 965 965 966 966 966 966 967 967 967 967 968 968 968 969 969 969 969 970 970 970 972 972 972 973 973 973 974 974 974 974 974 974 974 974 974 975 975 975 975 976 976 976 977 978 978 978 979 980 980 981 981 982 982 982 982 982 982 982 982 983 983 983 983 984 984 984 984 984 985 985 985 985 985 985 986 986 986 986 987 987 987 987 987 988 989 990 990 990 991 993 993 993 993 993 994 994 994 995 995 995 995 996 996 996 996 996 996 997 997 997 997 997 998 998 998 999 999 999 999 999 

